# Navier-Stokes Symphony v13.5 Sample Data
# Initial Condition: Vortex Ring
# Viscosity (nu): 1e-7
# Grid Size: N = 4 per dimension (64 points)
# Domain: [0, 2pi]^3

# Initial State (t = 0)
u_init: 
0.00 0.00 0.00 0.00 0.00 0.71 1.00 0.71 -0.71 -0.71 -0.71 -0.71 0.00 0.00 0.00 0.00
0.00 -0.71 -1.00 -0.71 0.71 0.00 0.00 0.00 0.71 0.00 0.00 0.00 -0.71 -0.71 -0.71 -0.71
0.00 0.71 1.00 0.71 -0.71 0.00 0.00 0.00 -0.71 0.00 0.00 0.00 0.71 0.71 0.71 0.71
0.00 0.00 0.00 0.00 0.00 -0.71 -1.00 -0.71 0.71 0.71 0.71 0.71 0.00 0.00 0.00 0.00

omega_init:
0.00 -0.71 -1.00 -0.71 0.71 0.00 0.00 0.00 -0.71 0.00 0.00 0.00 0.71 0.71 0.71 0.71
0.00 0.71 1.00 0.71 -0.71 0.00 0.00 0.00 -0.71 0.00 0.00 0.00 0.71 0.71 0.71 0.71
0.00 -0.71 -1.00 -0.71 0.71 0.00 0.00 0.00 -0.71 0.00 0.00 0.00 0.71 0.71 0.71 0.71
0.00 0.71 1.00 0.71 -0.71 0.00 0.00 0.00 -0.71 0.00 0.00 0.00 0.71 0.71 0.71 0.71

# Blow-Up State (t = t_b = 0.0212 s)
u_blowup:
0 0 0 0 0 7025 9925 7025 -7025 -7025 -7025 -7025 0 0 0 0
0 -7025 -9925 -7025 7025 0 0 0 7025 0 0 0 -7025 -7025 -7025 -7025
0 7025 9925 7025 -7025 0 0 0 -7025 0 0 0 7025 7025 7025 7025
0 0 0 0 0 -7025 -9925 -7025 7025 7025 7025 7025 0 0 0 0

omega_blowup:
0 -170625 -240625 -170625 170625 0 0 0 -170625 0 0 0 170625 170625 170625 170625
0 170625 240625 170625 -170625 0 0 0 -170625 0 0 0 170625 170625 170625 170625
0 -170625 -240625 -170625 170625 0 0 0 -170625 0 0 0 170625 170625 170625 170625
0 170625 240625 170625 -170625 0 0 0 -170625 0 0 0 170625 170625 170625 170625

# Metadata
t_b: 0.0212
enstrophy_law: 15.5 * (0.0212 - t)^(-0.82)
max_vorticity: 1130000
h2_norm: 466000
bkm_integral: 243000
steps: 212000