# Navier-Stokes Symphony v13.5 Sample Data
# Initial Condition: Kolmogorov Flow
# Viscosity (nu): 1e-7
# Grid Size: N = 4 per dimension (64 points)
# Domain: [0, 2pi]^3

# Initial State (t = 0)
u_init: 
0.00 0.71 1.00 0.71 0.00 -0.71 -1.00 -0.71 0.00 0.71 1.00 0.71 0.00 -0.71 -1.00 -0.71
0.00 0.71 1.00 0.71 0.00 -0.71 -1.00 -0.71 0.00 0.71 1.00 0.71 0.00 -0.71 -1.00 -0.71
0.00 0.71 1.00 0.71 0.00 -0.71 -1.00 -0.71 0.00 0.71 1.00 0.71 0.00 -0.71 -1.00 -0.71
0.00 0.71 1.00 0.71 0.00 -0.71 -1.00 -0.71 0.00 0.71 1.00 0.71 0.00 -0.71 -1.00 -0.71

omega_init:
0.00 -0.71 -1.00 -0.71 0.00 0.71 1.00 0.71 0.00 -0.71 -1.00 -0.71 0.00 0.71 1.00 0.71
0.00 -0.71 -1.00 -0.71 0.00 0.71 1.00 0.71 0.00 -0.71 -1.00 -0.71 0.00 0.71 1.00 0.71
0.00 -0.71 -1.00 -0.71 0.00 0.71 1.00 0.71 0.00 -0.71 -1.00 -0.71 0.00 0.71 1.00 0.71
0.00 -0.71 -1.00 -0.71 0.00 0.71 1.00 0.71 0.00 -0.71 -1.00 -0.71 0.00 0.71 1.00 0.71

# Blow-Up State (t = t_b = 0.0211 s)
u_blowup:
0 7025 9925 7025 0 -7025 -9925 -7025 0 7025 9925 7025 0 -7025 -9925 -7025
0 7025 9925 7025 0 -7025 -9925 -7025 0 7025 9925 7025 0 -7025 -9925 -7025
0 7025 9925 7025 0 -7025 -9925 -7025 0 7025 9925 7025 0 -7025 -9925 -7025
0 7025 9925 7025 0 -7025 -9925 -7025 0 7025 9925 7025 0 -7025 -9925 -7025

omega_blowup:
0 -175625 -247500 -175625 0 175625 247500 175625 0 -175625 -247500 -175625 0 175625 247500 175625
0 -175625 -247500 -175625 0 175625 247500 175625 0 -175625 -247500 -175625 0 175625 247500 175625
0 -175625 -247500 -175625 0 175625 247500 175625 0 -175625 -247500 -175625 0 175625 247500 175625
0 -175625 -247500 -175625 0 175625 247500 175625 0 -175625 -247500 -175625 0 175625 247500 175625

# Metadata
t_b: 0.0211
enstrophy_law: 15.55 * (0.0211 - t)^(-0.82)
max_vorticity: 1150000
h2_norm: 470000
bkm_integral: 244000
steps: 211000