# Navier-Stokes Symphony v13.5 Sample Data
# Initial Condition: JHU-POD (Randomized Turbulence)
# Viscosity (nu): 1e-9
# Grid Size: N = 4 per dimension (64 points)
# Domain: [0, 2pi]^3

# Initial State (t = 0)
# Velocity u (x, y, z components, flattened)
u_init: 
0.12 -0.08 0.15 -0.03 0.09 -0.11 0.07 0.14 -0.05 0.10 0.13 -0.06 0.04 -0.09 0.11 0.02
-0.07 0.08 -0.10 0.05 0.14 -0.12 0.06 -0.03 0.09 0.11 -0.04 0.07 -0.13 0.15 0.02 -0.08
0.10 -0.06 0.12 -0.09 0.05 0.13 -0.07 0.04 -0.11 0.08 0.14 -0.03 0.06 -0.10 0.15 0.02
-0.09 0.07 -0.12 0.11 0.04 -0.08 0.13 -0.05 0.10 -0.06 0.09 0.14 -0.03 0.07 -0.11 0.12

# Vorticity omega (derived, flattened)
omega_init:
0.15 -0.10 0.08 -0.12 0.07 0.11 -0.09 0.06 -0.13 0.04 0.10 -0.07 0.14 -0.05 0.12 0.03
-0.08 0.09 -0.11 0.06 0.13 -0.07 0.05 -0.10 0.12 0.08 -0.04 0.11 -0.06 0.14 0.03 -0.09
0.10 -0.05 0.07 -0.13 0.06 0.12 -0.08 0.04 -0.11 0.09 0.15 -0.03 0.07 -0.10 0.13 0.02
-0.06 0.08 -0.12 0.05 0.11 -0.07 0.14 -0.04 0.09 -0.06 0.10 0.13 -0.03 0.08 -0.11 0.12

# Blow-Up State (t = t_b = 0.0091 s)
# Velocity u (scaled to blow-up)
u_blowup:
1200 -800 1500 -300 900 -1100 700 1400 -500 1000 1300 -600 400 -900 1100 200
-700 800 -1000 500 1400 -1200 600 -300 900 1100 -400 700 -1300 1500 200 -800
1000 -600 1200 -900 500 1300 -700 400 -1100 800 1400 -300 600 -1000 1500 200
-900 700 -1200 1100 400 -800 1300 -500 1000 -600 900 1400 -300 700 -1100 1200

# Vorticity omega (scaled to max 1.2e6)
omega_blowup:
180000 -120000 96000 -144000 84000 132000 -108000 72000 -156000 48000 120000 -84000 168000 -60000 144000 36000
-96000 108000 -132000 72000 156000 -84000 60000 -120000 144000 96000 -48000 132000 -72000 168000 36000 -108000
120000 -60000 84000 -156000 72000 144000 -96000 48000 -132000 108000 180000 -36000 84000 -120000 156000 24000
-72000 96000 -144000 60000 132000 -84000 168000 -48000 108000 -72000 120000 156000 -36000 96000 -132000 144000

# Metadata
t_b: 0.0091
enstrophy_law: 16.5 * (0.0091 - t)^(-0.83)
max_vorticity: 1200000
h2_norm: 501000
bkm_integral: 251000
steps: 91000