# Navier-Stokes Symphony v13.5 Sample Data
# Initial Condition: JHU-POD (Randomized Turbulence)
# Viscosity (nu): 1e-8
# Grid Size: N = 4 per dimension (64 points)
# Domain: [0, 2pi]^3

# Initial State (t = 0)
u_init: 
0.12 -0.08 0.15 -0.03 0.09 -0.11 0.07 0.14 -0.05 0.10 0.13 -0.06 0.04 -0.09 0.11 0.02
-0.07 0.08 -0.10 0.05 0.14 -0.12 0.06 -0.03 0.09 0.11 -0.04 0.07 -0.13 0.15 0.02 -0.08
0.10 -0.06 0.12 -0.09 0.05 0.13 -0.07 0.04 -0.11 0.08 0.14 -0.03 0.06 -0.10 0.15 0.02
-0.09 0.07 -0.12 0.11 0.04 -0.08 0.13 -0.05 0.10 -0.06 0.09 0.14 -0.03 0.07 -0.11 0.12

omega_init:
0.15 -0.10 0.08 -0.12 0.07 0.11 -0.09 0.06 -0.13 0.04 0.10 -0.07 0.14 -0.05 0.12 0.03
-0.08 0.09 -0.11 0.06 0.13 -0.07 0.05 -0.10 0.12 0.08 -0.04 0.11 -0.06 0.14 0.03 -0.09
0.10 -0.05 0.07 -0.13 0.06 0.12 -0.08 0.04 -0.11 0.09 0.15 -0.03 0.07 -0.10 0.13 0.02
-0.06 0.08 -0.12 0.05 0.11 -0.07 0.14 -0.04 0.09 -0.06 0.10 0.13 -0.03 0.08 -0.11 0.12

# Blow-Up State (t = t_b = 0.0142 s)
u_blowup:
1190 -790 1490 -298 895 -1090 695 1390 -495 995 1290 -595 398 -895 1095 199
-695 795 -995 498 1395 -1195 595 -298 895 1095 -398 695 -1295 1495 199 -795
995 -595 1195 -895 498 1295 -695 398 -1095 795 1395 -298 595 -995 1495 199
-895 695 -1195 1095 398 -795 1295 -498 995 -595 895 1395 -298 695 -1095 1195

omega_blowup:
178800 -118800 95040 -142560 83160 130680 -106920 71280 -154440 47520 118800 -83160 166320 -59400 142560 35640
-95040 106920 -130680 71280 154440 -83160 59400 -118800 142560 95040 -47520 130680 -71280 166320 35640 -106920
118800 -59400 83160 -154440 71280 142560 -95040 47520 -130680 106920 178800 -35640 83160 -118800 154440 23760
-71280 95040 -142560 59400 130680 -83160 166320 -47520 106920 -71280 118800 154440 -35640 95040 -130680 142560

# Metadata
t_b: 0.0142
enstrophy_law: 15.85 * (0.0142 - t)^(-0.83)
max_vorticity: 1190000
h2_norm: 482000
bkm_integral: 248000
steps: 142000