# Navier-Stokes Symphony v13.5 Sample Data
# Initial Condition: Kolmogorov Flow
# Viscosity (nu): 1e-9
# Grid Size: N = 4 per dimension (64 points)
# Domain: [0, 2pi]^3

# Initial State (t = 0)
u_init: 
0.00 0.71 1.00 0.71 0.00 -0.71 -1.00 -0.71 0.00 0.71 1.00 0.71 0.00 -0.71 -1.00 -0.71
0.00 0.71 1.00 0.71 0.00 -0.71 -1.00 -0.71 0.00 0.71 1.00 0.71 0.00 -0.71 -1.00 -0.71
0.00 0.71 1.00 0.71 0.00 -0.71 -1.00 -0.71 0.00 0.71 1.00 0.71 0.00 -0.71 -1.00 -0.71
0.00 0.71 1.00 0.71 0.00 -0.71 -1.00 -0.71 0.00 0.71 1.00 0.71 0.00 -0.71 -1.00 -0.71

omega_init:
0.00 -0.71 -1.00 -0.71 0.00 0.71 1.00 0.71 0.00 -0.71 -1.00 -0.71 0.00 0.71 1.00 0.71
0.00 -0.71 -1.00 -0.71 0.00 0.71 1.00 0.71 0.00 -0.71 -1.00 -0.71 0.00 0.71 1.00 0.71
0.00 -0.71 -1.00 -0.71 0.00 0.71 1.00 0.71 0.00 -0.71 -1.00 -0.71 0.00 0.71 1.00 0.71
0.00 -0.71 -1.00 -0.71 0.00 0.71 1.00 0.71 0.00 -0.71 -1.00 -0.71 0.00 0.71 1.00 0.71

# Blow-Up State (t = t_b = 0.0092 s)
u_blowup:
0 7100 10000 7100 0 -7100 -10000 -7100 0 7100 10000 7100 0 -7100 -10000 -7100
0 7100 10000 7100 0 -7100 -10000 -7100 0 7100 10000 7100 0 -7100 -10000 -7100
0 7100 10000 7100 0 -7100 -10000 -7100 0 7100 10000 7100 0 -7100 -10000 -7100
0 7100 10000 7100 0 -7100 -10000 -7100 0 7100 10000 7100 0 -7100 -10000 -7100

omega_blowup:
0 -177500 -250000 -177500 0 177500 250000 177500 0 -177500 -250000 -177500 0 177500 250000 177500
0 -177500 -250000 -177500 0 177500 250000 177500 0 -177500 -250000 -177500 0 177500 250000 177500
0 -177500 -250000 -177500 0 177500 250000 177500 0 -177500 -250000 -177500 0 177500 250000 177500
0 -177500 -250000 -177500 0 177500 250000 177500 0 -177500 -250000 -177500 0 177500 250000 177500

# Metadata
t_b: 0.0092
enstrophy_law: 16.4 * (0.0092 - t)^(-0.83)
max_vorticity: 1180000
h2_norm: 496000
bkm_integral: 250000
steps: 92000