# Navier-Stokes Symphony v13.5 Sample Data
# Initial Condition: Vortex Ring
# Viscosity (nu): 1e-9
# Grid Size: N = 4 per dimension (64 points)
# Domain: [0, 2pi]^3

# Initial State (t = 0)
u_init: 
0.00 0.00 0.00 0.00 0.00 0.71 1.00 0.71 -0.71 -0.71 -0.71 -0.71 0.00 0.00 0.00 0.00
0.00 -0.71 -1.00 -0.71 0.71 0.00 0.00 0.00 0.71 0.00 0.00 0.00 -0.71 -0.71 -0.71 -0.71
0.00 0.71 1.00 0.71 -0.71 0.00 0.00 0.00 -0.71 0.00 0.00 0.00 0.71 0.71 0.71 0.71
0.00 0.00 0.00 0.00 0.00 -0.71 -1.00 -0.71 0.71 0.71 0.71 0.71 0.00 0.00 0.00 0.00

omega_init:
0.00 -0.71 -1.00 -0.71 0.71 0.00 0.00 0.00 -0.71 0.00 0.00 0.00 0.71 0.71 0.71 0.71
0.00 0.71 1.00 0.71 -0.71 0.00 0.00 0.00 -0.71 0.00 0.00 0.00 0.71 0.71 0.71 0.71
0.00 -0.71 -1.00 -0.71 0.71 0.00 0.00 0.00 -0.71 0.00 0.00 0.00 0.71 0.71 0.71 0.71
0.00 0.71 1.00 0.71 -0.71 0.00 0.00 0.00 -0.71 0.00 0.00 0.00 0.71 0.71 0.71 0.71

# Blow-Up State (t = t_b = 0.0093 s)
u_blowup:
0 0 0 0 0 7100 10000 7100 -7100 -7100 -7100 -7100 0 0 0 0
0 -7100 -10000 -7100 7100 0 0 0 7100 0 0 0 -7100 -7100 -7100 -7100
0 7100 10000 7100 -7100 0 0 0 -7100 0 0 0 7100 7100 7100 7100
0 0 0 0 0 -7100 -10000 -7100 7100 7100 7100 7100 0 0 0 0

omega_blowup:
0 -172500 -243750 -172500 172500 0 0 0 -172500 0 0 0 172500 172500 172500 172500
0 172500 243750 172500 -172500 0 0 0 -172500 0 0 0 172500 172500 172500 172500
0 -172500 -243750 -172500 172500 0 0 0 -172500 0 0 0 172500 172500 172500 172500
0 172500 243750 172500 -172500 0 0 0 -172500 0 0 0 172500 172500 172500 172500

# Metadata
t_b: 0.0093
enstrophy_law: 16.3 * (0.0093 - t)^(-0.84)
max_vorticity: 1150000
h2_norm: 491000
bkm_integral: 249000
steps: 93000