# Navier-Stokes Symphony v13.5 Sample Data
# Initial Condition: Kolmogorov Flow
# Viscosity (nu): 1e-8
# Grid Size: N = 4 per dimension (64 points)
# Domain: [0, 2pi]^3

# Initial State (t = 0)
u_init: 
0.00 0.71 1.00 0.71 0.00 -0.71 -1.00 -0.71 0.00 0.71 1.00 0.71 0.00 -0.71 -1.00 -0.71
0.00 0.71 1.00 0.71 0.00 -0.71 -1.00 -0.71 0.00 0.71 1.00 0.71 0.00 -0.71 -1.00 -0.71
0.00 0.71 1.00 0.71 0.00 -0.71 -1.00 -0.71 0.00 0.71 1.00 0.71 0.00 -0.71 -1.00 -0.71
0.00 0.71 1.00 0.71 0.00 -0.71 -1.00 -0.71 0.00 0.71 1.00 0.71 0.00 -0.71 -1.00 -0.71

omega_init:
0.00 -0.71 -1.00 -0.71 0.00 0.71 1.00 0.71 0.00 -0.71 -1.00 -0.71 0.00 0.71 1.00 0.71
0.00 -0.71 -1.00 -0.71 0.00 0.71 1.00 0.71 0.00 -0.71 -1.00 -0.71 0.00 0.71 1.00 0.71
0.00 -0.71 -1.00 -0.71 0.00 0.71 1.00 0.71 0.00 -0.71 -1.00 -0.71 0.00 0.71 1.00 0.71
0.00 -0.71 -1.00 -0.71 0.00 0.71 1.00 0.71 0.00 -0.71 -1.00 -0.71 0.00 0.71 1.00 0.71

# Blow-Up State (t = t_b = 0.0143 s)
u_blowup:
0 7050 9950 7050 0 -7050 -9950 -7050 0 7050 9950 7050 0 -7050 -9950 -7050
0 7050 9950 7050 0 -7050 -9950 -7050 0 7050 9950 7050 0 -7050 -9950 -7050
0 7050 9950 7050 0 -7050 -9950 -7050 0 7050 9950 7050 0 -7050 -9950 -7050
0 7050 9950 7050 0 -7050 -9950 -7050 0 7050 9950 7050 0 -7050 -9950 -7050

omega_blowup:
0 -176250 -248750 -176250 0 176250 248750 176250 0 -176250 -248750 -176250 0 176250 248750 176250
0 -176250 -248750 -176250 0 176250 248750 176250 0 -176250 -248750 -176250 0 176250 248750 176250
0 -176250 -248750 -176250 0 176250 248750 176250 0 -176250 -248750 -176250 0 176250 248750 176250
0 -176250 -248750 -176250 0 176250 248750 176250 0 -176250 -248750 -176250 0 176250 248750 176250

# Metadata
t_b: 0.0143
enstrophy_law: 15.8 * (0.0143 - t)^(-0.83)
max_vorticity: 1160000
h2_norm: 481000
bkm_integral: 247000
steps: 143000