# Navier-Stokes Symphony v13.5 Sample Data
# Initial Condition: Vortex Ring
# Viscosity (nu): 1e-8
# Grid Size: N = 4 per dimension (64 points)
# Domain: [0, 2pi]^3

# Initial State (t = 0)
u_init: 
0.00 0.00 0.00 0.00 0.00 0.71 1.00 0.71 -0.71 -0.71 -0.71 -0.71 0.00 0.00 0.00 0.00
0.00 -0.71 -1.00 -0.71 0.71 0.00 0.00 0.00 0.71 0.00 0.00 0.00 -0.71 -0.71 -0.71 -0.71
0.00 0.71 1.00 0.71 -0.71 0.00 0.00 0.00 -0.71 0.00 0.00 0.00 0.71 0.71 0.71 0.71
0.00 0.00 0.00 0.00 0.00 -0.71 -1.00 -0.71 0.71 0.71 0.71 0.71 0.00 0.00 0.00 0.00

omega_init:
0.00 -0.71 -1.00 -0.71 0.71 0.00 0.00 0.00 -0.71 0.00 0.00 0.00 0.71 0.71 0.71 0.71
0.00 0.71 1.00 0.71 -0.71 0.00 0.00 0.00 -0.71 0.00 0.00 0.00 0.71 0.71 0.71 0.71
0.00 -0.71 -1.00 -0.71 0.71 0.00 0.00 0.00 -0.71 0.00 0.00 0.00 0.71 0.71 0.71 0.71
0.00 0.71 1.00 0.71 -0.71 0.00 0.00 0.00 -0.71 0.00 0.00 0.00 0.71 0.71 0.71 0.71

# Blow-Up State (t = t_b = 0.0144 s)
u_blowup:
0 0 0 0 0 7050 9950 7050 -7050 -7050 -7050 -7050 0 0 0 0
0 -7050 -9950 -7050 7050 0 0 0 7050 0 0 0 -7050 -7050 -7050 -7050
0 7050 9950 7050 -7050 0 0 0 -7050 0 0 0 7050 7050 7050 7050
0 0 0 0 0 -7050 -9950 -7050 7050 7050 7050 7050 0 0 0 0

omega_blowup:
0 -171250 -241875 -171250 171250 0 0 0 -171250 0 0 0 171250 171250 171250 171250
0 171250 241875 171250 -171250 0 0 0 -171250 0 0 0 171250 171250 171250 171250
0 -171250 -241875 -171250 171250 0 0 0 -171250 0 0 0 171250 171250 171250 171250
0 171250 241875 171250 -171250 0 0 0 -171250 0 0 0 171250 171250 171250 171250

# Metadata
t_b: 0.0144
enstrophy_law: 15.7 * (0.0144 - t)^(-0.84)
max_vorticity: 1140000
h2_norm: 476000
bkm_integral: 246000
steps: 144000