# Navier-Stokes Symphony v13.5 Sample Data
# Initial Condition: JHU-POD (Randomized Turbulence)
# Viscosity (nu): 1e-7
# Grid Size: N = 4 per dimension (64 points)
# Domain: [0, 2pi]^3

# Initial State (t = 0)
u_init: 
0.12 -0.08 0.15 -0.03 0.09 -0.11 0.07 0.14 -0.05 0.10 0.13 -0.06 0.04 -0.09 0.11 0.02
-0.07 0.08 -0.10 0.05 0.14 -0.12 0.06 -0.03 0.09 0.11 -0.04 0.07 -0.13 0.15 0.02 -0.08
0.10 -0.06 0.12 -0.09 0.05 0.13 -0.07 0.04 -0.11 0.08 0.14 -0.03 0.06 -0.10 0.15 0.02
-0.09 0.07 -0.12 0.11 0.04 -0.08 0.13 -0.05 0.10 -0.06 0.09 0.14 -0.03 0.07 -0.11 0.12

omega_init:
0.15 -0.10 0.08 -0.12 0.07 0.11 -0.09 0.06 -0.13 0.04 0.10 -0.07 0.14 -0.05 0.12 0.03
-0.08 0.09 -0.11 0.06 0.13 -0.07 0.05 -0.10 0.12 0.08 -0.04 0.11 -0.06 0.14 0.03 -0.09
0.10 -0.05 0.07 -0.13 0.06 0.12 -0.08 0.04 -0.11 0.09 0.15 -0.03 0.07 -0.10 0.13 0.02
-0.06 0.08 -0.12 0.05 0.11 -0.07 0.14 -0.04 0.09 -0.06 0.10 0.13 -0.03 0.08 -0.11 0.12

# Blow-Up State (t = t_b = 0.0210 s)
u_blowup:
1170 -780 1470 -294 882 -1078 686 1372 -490 980 1274 -588 392 -882 1078 196
-686 784 -980 490 1372 -1176 588 -294 882 1078 -392 686 -1274 1470 196 -784
980 -588 1176 -882 490 1274 -686 392 -1078 784 1372 -294 588 -980 1470 196
-882 686 -1176 1078 392 -784 1274 -490 980 -588 882 1372 -294 686 -1078 1176

omega_blowup:
175500 -117000 93600 -140400 81900 128700 -105300 70200 -152100 46800 117000 -81900 163800 -58500 140400 35100
-93600 105300 -128700 70200 152100 -81900 58500 -117000 140400 93600 -46800 128700 -70200 163800 35100 -105300
117000 -58500 81900 -152100 70200 140400 -93600 46800 -128700 105300 175500 -35100 81900 -117000 152100 23400
-70200 93600 -140400 58500 128700 -81900 163800 -46800 105300 -70200 117000 152100 -35100 93600 -128700 140400

# Metadata
t_b: 0.0210
enstrophy_law: 15.6 * (0.0210 - t)^(-0.82)
max_vorticity: 1170000
h2_norm: 471000
bkm_integral: 245000
steps: 210000